NUMPOLLIES 36
// x, y, z, textures
3.0  0.9  -0.5  -0.5   0.9
3.0  0.9  0.5   0.5   0.9
3.0  1.0  0.5   0.5   1.0
3.0  1.0  0.5   1.0   0.5
3.0  0.9  -0.5  -0.5   0.9
3.0  1.0  -0.5  -0.5   1.0


// Upper hallway - L prepad
-1.0  1.0  -20.0 -20.0 1.0
-1.0  0.0  -20.0 -20.0 0.0
-1.0  0.0  -2.0  -2.0  0.0

-1.0  1.0  -20.0 -20.0 1.0
-1.0  1.0  -2.0  -2.0 1.0
-1.0  0.0  -2.0  -2.0 0.0



// Upper hallway - R prepad
1.0  1.0  -20.0 -20.0 1.0
1.0  0.0  -20.0 -20.0 0.0
1.0  0.0  -2.0 -2.0 0.0
1.0  1.0  -20.0 -20.0 1.0
1.0  1.0  -2.0 -2.0 1.0
1.0  0.0  -2.0 -2.0 0.0

//celling prepad
-1.0  1.0  -20.0 -20.0 1.0
1.0  1.0  -20.0 -20.0 0.0
1.0  1.0  -3.0 -2.0 0.0
-1.0  1.0  -20.0 -20.0 1.0
-1.0  1.0  -3.0 -2.0 1.0
1.0  1.0  -3.0 -2.0 0.0

 // Hodnik levo-leva stran za kroglo

-30.0  2.0  1.0  2.0  -30.0
-30.0  0.0  1.0  0.0  -30.0
-2.0  0.0   1.0  0.0  -2.0
-30.0  2.0  1.0  2.0  -30.0
-2.0  2.0   1.0  2.0  -2.0
-2.0  0.0   1.0  0.0  -2.0

// Hodnik levo-desna stran za kroglo

-30.0  2.0   -1.0  2.0  -30.0
-30.0  0.0   -1.0  0.0  -30.0
-2.0   0.0   -1.0  0.0  -2.0
-30.0  2.0   -1.0  2.0  -30.0
-2.0   2.0   -1.0  2.0  -2.0
-2.0   0.0   -1.0  0.0  -2.0


//konec hodnika krogla
-30.0  2.0  -1.0  -1.0  2.0
-30.0  0.0  -1.0  -1.0  0.0
-30.0  0.0   1.0  1.0  0.0
-30.0  2.0  -1.0  -1.0  2.0
-30.0  2.0   1.0  1.0  2.0
-30.0  0.0   1.0  1.0  0.0

 
 //strop krogle
-30.0  2.0  -1.0  -1.0  -30.0
-2.0  2.0  -1.0  -1.0  -2.0
-30.0  2.0   1.0  2.0  -30.0
-30.0  2.0  1.0  1.0  -30.0
-2.0  2.0   1.0  1.0  2.0
-2.0  2.0   -1.0  -1.0  -2.0
 //strop krogle
-2.0  1.0  -1.0  -1.0  1.0
-2.0  2.0  -1.0  -1.0  2.0
-2.0  1.0   1.0  1.0  1.0
-2.0  2.0   1.0  1.0  2.0
-2.0  1.0   1.0  1.0  1.0
-2.0  2.0  -1.0 -1.0  2.0
 
 
 // Lower hallway - L
-1.0  1.0  6.0 6.0 1.0
-1.0  0.0  6.0 6.0 0.0
-1.0  0.0  2.0 2.0 0.0
-1.0  1.0  6.0 6.0 1.0
-1.0  1.0  2.0 2.0 1.0
-1.0  0.0  2.0 2.0 0.0

// Lower hallway - R
1.0  1.0  6.0 6.0 1.0
1.0  0.0  6.0 6.0 0.0
1.0  0.0  2.0 2.0 0.0
1.0  1.0  6.0 6.0 1.0
1.0  1.0  2.0 2.0 1.0
1.0  0.0  2.0 2.0 0.0

 //row v desno-desna stran
 -1.0  1.0  6.0 1.0 -1.0
 -1.0  0.0  6.0 0.0 -1.0
 -8.0  1.0  6.0 1.0 -8.0
 
 -8.0  1.0  6.0 1.0 -8.0
 -8.0  0.0  6.0 0.0 -8.0
 -1.0  0.0  6.0 0.0 -1.0
 
 //konec rowa
 -8.0  1.0  6.0 6.0 1.0
 -8.0  0.0  6.0 6.0 0.0
 -8.0  1.0  8.0 8.0 1.0
 
 -8.0  1.0  8.0 8.0 1.0
 -8.0  0.0  8.0 8.0 0.0
 -8.0  0.0  6.0 6.0 0.0
 
  //row v desno-leva stran
 -1.0  1.0  8.0 1.0 -1.0
 -1.0  0.0  8.0 0.0 -1.0
 -8.0  1.0  8.0 1.0 -8.0
 
 -8.0  1.0  8.0 1.0 -8.0
 -8.0  0.0  8.0 0.0 -8.0
 -1.0  0.0  8.0 0.0 -1.0
 

 //row v naravnost-leva stran
 -1.0  1.0  8.0 8.0 1.0
 -1.0  0.0  8.0 8.0 0.0
 -1.0  1.0  12.0 12.0 1.0
 
 -1.0  1.0  12.0 12.0 1.0
 -1.0  0.0  12.0 12.0 0.0
 -1.0  0.0  8.0 8.0 0.0
 
  // zadnji row vdesno-desna stran
 -1.0  1.0  12.0 1.0 -1.0
 -1.0  0.0  12.0 0.0 -1.0
 -6.0  1.0  12.0 1.0 -6.0
 
 -6.0  1.0  12.0 1.0 -6.0
 -6.0  0.0  12.0 0.0 -6.0
 -1.0  0.0  12.0 0.0 -1.0
 
 // zadnji row v desno-leva stena
	//zid
 -1.0  1.0  15.0 1.0 -1.0
 -1.0  0.0  15.0 0.0 -1.0
 -4.0  1.0  15.0 1.0 -4.0
 
 -4.0  1.0  15.0 1.0 -4.0
 -4.0  0.0  15.0 0.0 -4.0
 -1.0  0.0  15.0 0.0 -1.0
 
  -1.0  1.0 14.9 1.0 -1.0
 -1.0  0.0  14.9 0.0 -1.0
 -4.0  1.0  14.9 1.0 -4.0
 
 -4.0  1.0  14.9 1.0 -4.0
 -4.0  0.0  14.9 0.0 -4.0
 -1.0  0.0  14.9 0.0 -1.0
	//zid
 -1.0  1.0  16 1.0 -1.0
 -1.0  0.0  16 0.0 -1.0
 -4.0  1.0  16 1.0 -4.0
 
 -4.0  1.0  16 1.0 -4.0
 -4.0  0.0  16 0.0 -4.0
 -1.0  0.0  16 0.0 -1.0
 
 -1.0  1.0  16.1 1.0 -1.0
 -1.0  0.0  16.1 0.0 -1.0
 -4.0  1.0  16.1 1.0 -4.0
 
 -4.0  1.0  16.1 1.0 -4.0
 -4.0  0.0  16.1 0.0 -4.0
 -1.0  0.0  16.1 0.0 -1.0
 
 //tamal zid
  -1.0  1.0  16.1 16.1 1.0
 -1.0  0.0  16.1 16.1 0.0
 -1.0  1.0  16.0 16.0 1.0
 
 -1.0  1.0  16.0 16.0 1.0
 -1.0  0.0  16.0 16.0 0.0
 -1.0  0.0  16.1 16.1 0.0
 
  -1.0  1.0  15.0 15.0 1.0
 -1.0  0.0  15.0 15.0 0.0
 -1.0  1.0  14.9 14.9 1.0
 
 -1.0  1.0  14.9 14.9 1.0
 -1.0  0.0  14.9 14.9 0.0
 -1.0  0.0  15.0 15.0 0.0

//stran
 
 
 -4.0  1.0  16.1 16.1 1.0
 -4.0  0.0  16.1 16.1 0.0
 -4.0  1.0  14.9 14.9 1.0
 
 -4.0  1.0  14.9 14.9 1.0
 -4.0  0.0  14.9 14.9 0.0
 -4.0  0.0  16.1  16.1 0.0
 
 // leva stran labirinta
 3.0  1.0  6.0 6.0 1.0
 3.0  0.0  6.0 6.0 0.0
 3.0  1.0  18.0 18.0 1.0
 
 3.0  1.0  18.0 18.0 1.0
 3.0  0.0  18.0 18.0 0.0
 3.0  0.0  6.0 6.0 0.0
 
  // leva stran labirinta
 3.0  1.0  6.0 1.0 3.0
 3.0  0.0  6.0 0.0 3.0
 1.0  1.0  6.0 1.0 1.0
 
 1.0  1.0  6.0 1.0 1.0
 3.0  0.0  6.0 0.0 3.0
 1.0  0.0  6.0 0.0 1.0

  //konec zadnjega desnega rowa
 -6.0  1.0  18.0 18.0 1.0
 -6.0  0.0  18.0 18.0 0.0
 -6.0  1.0  12.0 12.0 1.0
 
 -6.0  1.0  12.0 12.0 1.0
 -6.0  0.0  12.0 12.0 0.0
 -6.0  0.0  18.0 18.0 0.0
 
 
 //vogal labirinta
 -6.0  1.0  18.0 1.0 -6.0
 -6.0  0.0  18.0 0.0 -6.0
 3.0  1.0  18.0 1.0 3.0
 
 -6.0  0.0  18.0 1.0 -6.0
 3.0  1.0  18.0 1.0 3.0
 3.0  0.0  18.0 0.0 3.0


// Ceiling 1
-2.0  1.0 -3.0 -3.0 -2.0
-2.0  1.0  3.0 3.0 -2.0
 3.0  1.0  3.0 3.0 3.0
-2.0  1.0 -3.0 -3.0 -2.0
 3.0  1.0 -3.0 -3.0 3.0
 3.0  1.0  3.0 3.0 3.0

 //celling zadi
3.0  1.0 3.0 3.0 3.0
3.0  1.0  18.0 18.0 1.0
 -8.0  1.0  3.0 3.0 -8.0
-8.0  1.0 3.0 3.0 -8.0
-8.0  1.0 18.0 18.0 -8.0
 3.0  1.0  18.0 18.0 3.0
// A1

-2.0  1.0  -2.0 0.0 1.0
-2.0  0.0  -2.0 0.0 0.0
-0.5  0.0  -2.0 1.5 0.0
-2.0  1.0  -2.0 0.0 1.0
-0.5  1.0  -2.0 1.5 1.0
-0.5  0.0  -2.0 1.5 0.0

// A2

 2.0  1.0  -2.0 2.0 1.0
 2.0  0.0  -2.0 2.0 0.0
 0.5  0.0  -2.0 0.5 0.0
 2.0  1.0  -2.0 2.0 1.0
 0.5  1.0  -2.0 0.5 1.0
 0.5  0.0  -2.0 0.5 0.0

// B1

-2.0  1.0  2.0 2.0  1.0
-2.0  0.0   2.0 2.0 0.0
-0.5  0.0   2.0 0.5 0.0
-2.0  1.0  2.0 2.0  1.0
-0.5  1.0  2.0 0.5  1.0
-0.5  0.0   2.0 0.5 0.0

// B2

 2.0  1.0  2.0 2.0  1.0
 2.0  0.0   2.0 2.0 0.0
 0.5  0.0   2.0 0.5 0.0
 2.0  1.0  2.0 2.0  1.0
 0.5  1.0  2.0 0.5  1.0
 0.5  0.0   2.0 0.5 0.0

// C1

-2.0  1.0  -2.0 0.0  1.0
-2.0  0.0   -2.0 0.0 0.0
-2.0  0.0   -0.5 1.5 0.0
-2.0  1.0  -2.0 0.0  1.0
-2.0  1.0  -0.5 1.5  1.0
-2.0  0.0   -0.5 1.5 0.0

// C2

-2.0  1.0   2.0 2.0 1.0
-2.0  0.0   2.0 2.0 0.0
-2.0  0.0   0.5 0.5 0.0
-2.0  1.0  2.0 2.0 1.0
-2.0  1.0  0.5 0.5 1.0
-2.0  0.0   0.5 0.5 0.0

// D1

2.0  1.0  -2.0 0.0 1.0
2.0  0.0   -2.0 0.0 0.0
2.0  0.0   -0.5 1.5 0.0
2.0  1.0  -2.0 0.0 1.0
2.0  1.0  -0.5 1.5 1.0
2.0  0.0   -0.5 1.5 0.0

// D2

2.0  1.0  2.0 2.0 1.0
2.0  0.0   2.0 2.0 0.0
2.0  0.0   0.5 0.5 0.0
2.0  1.0  2.0 2.0 1.0
2.0  1.0  0.5 0.5 1.0
2.0  0.0   0.5 0.5 0.0

//zid desno-desno
3.5  1.0  0.5 0.5 1.0
3.5  0.0  0.5 0.5 0.0
3.5  0.0  100.0 100.0 0.0
3.5  1.0  100.0 100.0 1.0
3.5  1.0  0.5 0.5 1.0
3.5  0.0  100.0 100.0  0.0

// Right hallway - Lw

3.5  1.0  0.5 1.0 1.0
3.5  0.0   0.5 1.0 0.0
2.0  0.0   0.5 0.0 0.0
3.5  1.0  0.5 1.0 1.0
2.0  1.0  0.5 0.0 1.0
2.0  0.0   0.5 0.0 0.0

// Right hallway - Hi

100.0  1.0 -0.5 1.0 100.0
100.0  0.0 -0.5 0.0 100.0
2.0    0.0 -0.5 0.0 2.0
100.0  1.0 -0.5 1.0 100.0
2.0  1.0   -0.5 1.0 2.0
2.0  0.0   -0.5 0.0 2.0a